[[8.8477833e-03 3.7973179e-05 4.6591891e-04 ... 1.3766643e-03
  3.4106269e-03 2.9168408e-03]
 [2.1900592e-04 1.4564012e-08 3.6601498e-04 ... 4.6856136e-10
  8.1807775e-03 1.7915390e-10]
 [7.0982945e-01 1.4623213e-07 5.1912948e-02 ... 2.0034754e-01
  2.0182131e-05 3.6998250e-02]
 ...
 [2.7602034e-02 4.1435189e-03 6.4430170e-02 ... 4.4840910e-02
  2.1182670e-04 3.6045298e-01]
 [4.3193197e-01 6.0209557e-03 1.6811837e-01 ... 2.3431036e-01
  3.4047465e-03 2.6205969e-03]
 [5.3355493e-02 6.7842443e-06 9.3609148e-01 ... 8.4556267e-04
  9.3983719e-03 1.7425474e-06]]